   2995.0000000000000     
   2995.0000000000000     
   2995.0000000000000     
   2995.0000000000000     
   2995.0000000000000     
   2995.0000000000000     
   2995.0000000000000     
   2995.0000000000000     
   2995.0000000000000     
   2995.0000000000000     
   2995.0000000000000     
   2995.0000000000000     
   2995.0000000000000     
   2995.0000000000000     
   2995.0000000000000     
   2995.0000000000000     
   2995.0000000000000     
   2995.0000000000000     
   2995.0000000000000     
   2995.0000000000000     
   2995.0000000000000     
   1000.1000000000000     
   1000.1000000000000     
   1000.1000000000000     
   1000.1000000000000     
   1249.5494605706317     
   1584.1041139966371     
   1681.1001218723438     
   1774.9187150315481     
   1865.6245628689289     
   1957.1754404794879     
   2048.2931233660538     
   2131.5956053766031     
   2205.5394326608071     
   2271.8869233442292     
   2325.0010033987191     
   2365.0002185939175     
   2385.0013004138368     
   2394.9979653825485     
   2374.9900010660886     
   2204.4664888783918     
   2073.1640176325354     
   1964.2931732208385     
   1848.8081499075847     
   1266.6279778631381     
   1000.1000000000000     
   1000.1000000000000     
   1000.1000000000000     
   1000.1000000000000     
   1000.1000000000000     
   1000.1000000000000     
   1000.1000000000000     
   1000.1000000000000     
   1000.1000000000000     
   1000.1000000000000     
   1000.1000000000000     
   1000.1000000000000     
   1000.1000000000000     
   1000.1000000000000     
   1000.1000000000000     
   1000.1000000000000     
   1000.1000000000000     
   1000.1000000000000     
   1000.1000000000000     
   1000.1000000000000     
   1000.1000000000000     
   1000.1000000000000     
   1000.1000000000000     
   1000.1000000000000     
   1000.1000000000000     
   1000.1000000000000     
   1000.1000000000000     
   1000.1000000000000     
   1000.1000000000000     
   1000.1000000000000     
   1199.2250692966588     
   1856.9096066919817     
   2184.0071809068077     
   2245.2887153541778     
   2309.1605912939144     
   2365.0024958305680     
   2415.0006897254334     
   2455.9806007868942     
   2487.1055094233229     
   2505.0021551652703     
   2511.5244653541135     
   2510.7905769128693     
   2455.6816949175786     
   2271.3405360950555     
   2137.6470345846019     
   2031.3718522416182     
   1809.6451368969467     
   1292.6911656102052     
   1292.6911656102052     
   1292.6911656102052     
   1292.6911656102052     
   1292.6911656102052     
   1292.6911656102052     
   1292.6911656102052     
   1292.6911656102052     
   1292.6911656102052     
   1292.6911656102052     
   1292.6911656102052     
   1292.6911656102052     
   1292.6911656102052     
   1292.6911656102052     
   1292.6911656102052     
   1292.6911656102052     
   1292.6911656102052     
   1292.6911656102052     
   1292.6911656102052     
   1292.6911656102052     
   1292.6911656102052     
   1292.6911656102052     
   1292.6911656102052     
   1292.6911656102052     
   1292.6911656102052     
   1292.6911656102052     
   1000.1000000000000     
   1000.1000000000000     
   1000.1000000000000     
   1000.1000000000000     
   1000.1000000000000     
   1000.1000000000000     
   1804.2967400808575     
   2188.7244600652557     
   2293.3421424749085     
   2343.6213573799414     
   2391.9859168416574     
   2432.3436503640196     
   2465.9557581001322     
   2494.9998230732763     
   2514.9993689506755     
   2514.9974720461510     
   2503.1688804169639     
   2407.1315240747922     
   2254.8584181880810     
   2127.1798528656359     
   1992.2637639337181     
   1645.2923338976100     
   1308.6125114710203     
   1308.6125114710203     
   1308.6125114710203     
   1308.6125114710203     
   1308.6125114710203     
   1308.6125114710203     
   1308.6125114710203     
   1308.6125114710203     
   1308.6125114710203     
   1308.6125114710203     
   1308.6125114710203     
   1308.6125114710203     
   1308.6125114710203     
   1308.6125114710203     
   1308.6125114710203     
   1308.6125114710203     
   1308.6125114710203     
   1308.6125114710203     
   1308.6125114710203     
   1308.6125114710203     
   1308.6125114710203     
   1308.6125114710203     
   1308.6125114710203     
   1308.6125114710203     
   1308.6125114710203     
   1308.6125114710203     
   1000.1000000000000     
   1000.1000000000000     
   1000.1000000000000     
   1000.1000000000000     
   1000.1000000000000     
   1000.1000000000000     
   1253.4828325402998     
   2018.9701608282021     
   2275.0007775707568     
   2315.4097654581378     
   2357.1018637230522     
   2399.2096463810963     
   2435.4011894436535     
   2465.0150232605815     
   2484.9990327297664     
   2487.0153332790705     
   2474.4981501096413     
   2377.8339483341447     
   2234.4532128120968     
   2107.0532125960249     
   1925.9358289854395     
   1443.1167594510193     
   1259.4719263056315     
   1259.4719263056315     
   1259.4719263056315     
   1259.4719263056315     
   1259.4719263056315     
   1259.4719263056315     
   1259.4719263056315     
   1259.4719263056315     
   1259.4719263056315     
   1259.4719263056315     
   1259.4719263056315     
   1259.4719263056315     
   1259.4719263056315     
   1259.4719263056315     
   1259.4719263056315     
   1259.4719263056315     
   1259.4719263056315     
   1259.4719263056315     
   1259.4719263056315     
   1259.4719263056315     
   1259.4719263056315     
   1259.4719263056315     
   1259.4719263056315     
   1259.4719263056315     
   1259.4719263056315     
   1259.4719263056315     
   1000.1000000000000     
