  0.00000000
  0.02083333
  0.04166667
  0.06250000
  0.08333333
  0.10416667
  0.12500000
  0.14583334
  0.16666667
  0.18750000
  0.20833334
  0.22916667
  0.25000000
  0.27083334
  0.29166667
  0.31250000
  0.33333334
  0.35416667
  0.37500001
  0.39583334
  0.41666667
  0.43750001
  0.45833334
  0.47916667
  0.50000001
  0.52083334
  0.54166667
  0.56250001
  0.58333334
  0.60416668
  0.62500001
  0.64583334
  0.66666668
  0.68750001
  0.70833334
  0.72916668
  0.75000001
  0.77083334
  0.79166668
  0.81250001
  0.83333335
  0.85416668
  0.87500001
  0.89583335
  0.91666668
  0.93750001
  0.95833335
  0.97916668
  1.00000001
  1.02083335
  1.04166668
  1.06250002
  1.08333335
  1.10416668
  1.12500002
  1.14583335
  1.16666668
  1.18750002
  1.20833335
  1.22916668
  1.25000002
  1.27083335
  1.29166669
  1.31250002
  1.33333335
  1.35416669
  1.37500002
  1.39583335
  1.41666669
  1.43750002
  1.45833336
  1.47916669
  1.50000002
  1.52083336
  1.54166669
  1.56250002
  1.58333336
  1.60416669
  1.62500002
  1.64583336
  1.66666669
  1.68750003
  1.70833336
  1.72916669
  1.75000003
  1.77083336
  1.79166669
  1.81250003
  1.83333336
  1.85416669
  1.87500003
  1.89583336
  1.91666670
  1.93750003
  1.95833336
  1.97916670
  2.00000003
  2.02083336
  2.04166670
  2.06250003
  2.08333336
  2.10416670
  2.12500003
  2.14583337
  2.16666670
  2.18750003
  2.20833337
  2.22916670
  2.25000003
  2.27083337
  2.29166670
  2.31250003
  2.33333337
  2.35416670
  2.37500004
  2.39583337
  2.41666670
  2.43750004
  2.45833337
  2.47916670
  2.50000004
  2.52083337
  2.54166670
  2.56250004
  2.58333337
  2.60416671
  2.62500004
  2.64583337
  2.66666671
  2.68750004
  2.70833337
  2.72916671
  2.75000004
  2.77083337
  2.79166671
  2.81250004
  2.83333338
  2.85416671
  2.87500004
  2.89583338
  2.91666671
  2.93750004
  2.95833338
  2.97916671
  3.00000004
  3.02083338
  3.04166671
  3.06250005
  3.08333338
  3.10416671
  3.12500005
  3.14583338
  3.16666671
  3.18750005
  3.20833338
  3.22916671
  3.25000005
  3.27083338
  3.29166672
  3.31250005
  3.33333338
  3.35416672
  3.37500005
  3.39583338
  3.41666672
  3.43750005
  3.45833338
  3.47916672
  3.50000005
  3.52083339
  3.54166672
  3.56250005
  3.58333339
  3.60416672
  3.62500005
  3.64583339
  3.66666672
  3.68750005
  3.70833339
  3.72916672
  3.75000006
  3.77083339
  3.79166672
  3.81250006
  3.83333339
  3.85416672
  3.87500006
  3.89583339
  3.91666673
  3.93750006
  3.95833339
  3.97916673
  4.00000006
  4.02083339
  4.04166673
  4.06250006
  4.08333339
  4.10416673
  4.12500006
  4.14583340
  4.16666673
  4.18750006
  4.20833340
  4.22916673
  4.25000006
  4.27083340
  4.29166673
  4.31250006
  4.33333340
  4.35416673
  4.37500007
  4.39583340
  4.41666673
  4.43750007
  4.45833340
  4.47916673
